cfp table1

d1
2D	2D	1
#
d2
3P	2D	1
3F	2D	1
1S	2D	1
1D	2D	1
1G	2D	1
#
d3
4P	3P	 -1	3 -1 -1
4P	3F	 -1	0 -1 -1 1
4F	3P	 -1	0 0 -1
4F	3F	1	2 0 -1
2P	3P	1	 -1 -1  -1 1
2P	3F	 -1	2 -1 -1
2P	1D	1	 -1
2D1	3P	 -1	 -2 1 -1
2D1	3F	 -1	 -2 0 -1 1
2D1	1S	1	2 -1 -1
2D1	1D	 -1	 -2 -1
2D1	1G	 -1	 -2 1 -1
2D2	3P	 -1	 -2 0 -1 1
2D2	3F	1	 -2 1 -1
2D2	1D	1	 -2 2 0 -1
2D2	1G	 -1	 -2 0 1 -1
2F	3P	1	1 0 -1
2F	3F	1	 -1 0 -1
2F	1D	 -1	0 0 0 -1
2F	1G	 -1	 -1 0 1 -1
2G	3F	1	 -1
2G	1D	 -1	0 -1 1 -1
2G	1G	1	 -1 -1 0 -1 1
2H	3F	 -1	 -1
2H	1G	1	 -1
#
d4
5D	4P	1	 -1 1 -1
5D	4F	1	 -1 0 -1 1
3P1	4P	 -1	3 -2 -1
3P1	4F	 -1	0 -2 -1 1
3P1	2P	 -1	 -2 -2 -1 1
3P1	2D1	1	 -3 1
3P1	2D2	 -1	 -3 -2 0 1
3P1	2F	 -1	0 -2 -1 1
3P2	4P	 -1	0 -2 -1 1
3P2	4F	1	3 -2 -1
3P2	2P	1	 -1 -2 1
3P2	2D2	1	0 -2
3P2	2F	 -1	 -1 -2 1
3D	4P	1	 -1 -1 -1 1
3D	4F	 -1	 -1 0 -1
3D	2P	 -1	0 -1 -1
3D	2D2	1	1 0 0 -1
3D	2F	 -1	 -1 0 -1
3D	2G	1	 -1 1 0 -1
3F1	4P	 -1	0 -1 -1
3F1	4F	1	2 -1 -1
3F1	2P	1	1 -1 -1 -1
3F1	2D1	1	 -3 1
3F1	2D2	1	 -3 0 0 -1
3F1	2F	 -1	 -2 -1 -1
3F1	2G	1	 -2 1 0 -1
3F1	2H	1	 -2 -1 0 -1    1
3F2	4P	 -1	2 -1 -1
3F2	4F	 -1	0 -1 -1
3F2	2P	 -1	 -1 -1 1 -1
3F2	2D2	1	 -1 0 0 -1
3F2	2F	 -1	 -4 -1 1
3F2	2G	 -1	 -4 3 0 -1
3F2	2H	1	 -2 -1 0 -1    1
3G	4F	 -1	0 -1
3G	2D2	1	 -1 -1 1 -1
3G	2F	1	 -4 1
3G	2G	1	 -4 2 -1 -1    1
3G	2H	1	 -2 -1 -1 0    1
3H	4F	1	0 -1
3H	2F	1	 -2 -1
3H	2G	 -1	 -2 1 -1
3H	2H	1	 -1 -1 -1 0    0 1
1S1	2D1	1
1S2	2D2	1
1D1	2P	 -1	 -2 1 -1
1D1	2D1	1	 -3 1
1D1	2D2	1	 -3 2 0 -1
1D1	2F	1	 -1 0 -1
1D1	2G	 -1	 -1 1 0 -1
1D2	2P	1	 -1 1 -1
1D2	2D2	1	0 0 0 -1
1D2	2F	1	 -2 2 -1
1D2	2G	1	 -2 1 0 -1
1F	2P	1	 -1 1 0 -1
1F	2D2	1	 -1 0 1 -1
1F	2F	 -1	 -4 1
1F	2G	 -1	 -4 1 -1 -1
1F	2H	 -1	 -2 1 -1 -1    1
1G1	2D1	1	 -3 1
1G1	2D2	 -1	 -3 -2 2 -1
1G1	2F	1	 -2 -2 1
1G1	2G	1	 -2 -1 0 -1    1
1G1	2H	 -1	 -2 -2 0 0    1
1G2	2D2	1	 -1 -2 0 -1    1
1G2	2F	1	 -4 -2 1 0    1
1G2	2G	 -1	 -4 -1 0 -1    0 2
1G2	2H	 -1	 -2 -2
1I	2G	1	 -1 1 -1
1I	2H	1	 -1 0 -1 1
#
d5
6S	5D	1
4P	5D	 -1	 -2
4P	3P1	 -1	4 -1 -2
4P	3P2	1	 -1 -1 -2 1
4P	3D	1	 -2 -1 -1 1
4P	3F1	 -1	1 -1 -2 1
4P	3F2	1	1 -1 -2 1
4D	5D	 -1	 -2
4D	3P2	1	 -1 2 -2
4D	3D	 -1	 -2 3 -1 -1
4D	3F2	 -1	0 1 -2
4D	3G	1	0 2 -1 -1
4F	5D	 -1	 -2
4F	3P1	 -1	1 0 -2
4F	3P2	 -1	2 0 -2 -1
4F	3D	 -1	 -2 1 -1 -1
4F	3F1	1	3 0 -2
4F	3F2	1	 -1 0 -2
4F	3G	 -1	 -1 2 -1 -1
4F	3H	 -1	 -1 0 -1 -1    1
4G	5D	 -1	 -2
4G	3D	1	 -2 -1 1 -1
4G	3F2	 -1	 -1 -1
4G	3G	 -1	 -1 0 -1 -1    1
4G	3H	1	 -1 -1 -1 0    1
2S	3D	1	0 1 -1
2S	1D2	 -1	1 0 -1
2P	3P1	1	0 -1 -2 1
2P	3P2	1	 -1 -1
2P	3D	1	0 -1 -1
2P	3F1	 -1	3 -1 -2
2P	3F2	 -1	 -1 -1
2P	1D1	1	0 0 -1
2P	1D2	1	 -1 0 -1
2P	1F	 -1	 -1 0 -1
2D1	3P1	 -1	 -1 2 -2
2D1	3F1	 -1	 -1 1 -2 1
2D1	1S1	1	0 1 -2
2D1	1D1	 -1	 -1 0 -1
2D1	1G1	 -1	 -1 2 -2
2D2	3P1	 -1	 -1 0 -2 1
2D2	3P2	 -1	0 0 -2
2D2	3D	1	1 1 -1 -1
2D2	3F1	1	 -1 1 -2
2D2	3F2	 -1	 -1 1 -2
2D2	3G	1	 -1 2 -1 -1
2D2	1S2	 -1	0 0 -2
2D2	1D1	1	 -1 2 -1 -1
2D2	1D2	 -1	0 0 -1 -1
2D2	1F	1	 -1 0 -1
2D2	1G1	 -1	 -1 0 0 -1
2D2	1G2	 -1	 -1 0 -2 -1    1
2D3	3P2	1	 -1 2 -2
2D3	3D	1	0 1 -1 -1
2D3	3F2	1	 -2 3 -2
2D3	3G	1	 -2 2 -1 -1
2D3	1S2	 -1	1 0 -2
2D3	1D2	1	 -1 2 -1 -1
2D3	1F	1	 -2 0 -1
2D3	1G2	1	 -2 2 -2 -1    1
2F1	3P1	1	2 0 -2
2F1	3P2	 -1	 -1 0 0 -1
2F1	3D	1	 -1 1 -1 -1
2F1	3F1	1	0 0 -2
2F1	3F2	 -1	 -4
2F1	3G	 -1	 -4 4 -1 -1
2F1	3H	1	 -2 0 -1 -1    1
2F1	1D1	 -1	1 0 -1 -1
2F1	1D2	1	 -2 2 -1 -1
2F1	1F	1	 -4 1 -1
2F1	1G1	 -1	0 0 0 -1
2F1	1G2	1	 -4 0 0 -1    1
2F2	3P2	1	 -1 2 -1 -1
2F2	3D	1	 -1 1 0 -1
2F2	3F2	 -1	 -4 2 -1
2F2	3G	 -1	 -4 2 -2 -1
2F2	3H	 -1	 -2 2 -2 -1    1
2F2	1D2	 -1	 -2 0 0 -1
2F2	1F	 -1	 -4 1
2F2	1G2	1	 -4 2 -1 -1    1
2G1	3D	1	 -1 0 0 -1
2G1	3F1	1	0 0 -1
2G1	3F2	1	 -4 2 -1
2G1	3G	1	 -4 3 -2 -1    1
2G1	3H	1	 -2 0 -2 0    1
2G1	1D1	 -1	1 -1 0 -1
2G1	1D2	 -1	 -2 -1 0 -1
2G1	1F	 -1	 -4 -1 -2
2G1	1G1	1	0 -1 -1 -1    1
2G1	1G2	1	 -4 -1 -1 -1    0 2
2G1	1I	 -1	 -1 -1 -2 0    0 1
2G2	3D	1	 -1 -1 -1 -1    1
2G2	3F2	1	 -4 -1 0 0    1
2G2	3G	 -1	 -4 0 -1 -1    0 2
2G2	3H	 -1	 -2 -1 -1
2G2	1D2	1	 -2 0 -1 -1    1
2G2	1F	 -1	 -4 0 -1 0    1
2G2	1G2	 -1	 -4 4 0 -1    -1
2G2	1I	 -1	 -1 0 -1 0    -1 1
2H	3F1	 -1	0 0 -1
2H	3F2	1	 -2 0 -1
2H	3G	 -1	 -2 2 -2
2H	3H	1	 -1 0 -2 0    0 1
2H	1F	1	 -2 1 -2
2H	1G1	1	0 0 -1
2H	1G2	 -1	 -2 0 -1 0    -1
2H	1I	1	 -1 0 -2 1    -1 1
2I	3G	1	 -1 2 -2
2I	3H	1	 -1 1 -2 1
2I	1G2	 -1	 -1 2 -1 0    -1
2I	1I	 -1	 -1 0 0 1    -1
#
