#
f3
4S	4S	3.000000000000000	-0.133333333333333	-0.090909090909091	-0.116550116550117
4D	4D	3.000000000000000	0.111111111111111	-0.030303030303030	-0.252525252525252
4F	4F	3.000000000000000	-0.133333333333333	-0.090909090909091	-0.116550116550117
4G	4G	3.000000000000000	-0.044444444444444	-0.068870523415978	-0.165995620541075
4I	4I	3.000000000000000	-0.288888888888889	-0.129476584022039	-0.030020484565939
2P	2P	3.000000000000000	-0.111111111111111	-0.040404040404040	0.019425019425019
2D1	2D1	3.000000000000000	-0.125079365079365	0.008658008658009	-0.019425019425019
2D1	2D2	0.000000000000000	-0.043768096354576	0.153730916947889	-0.121732626542446
2D2	2D2	3.000000000000000	0.062857142857143	-0.066509248327430	-0.015893197711380
2F1	2F1	3.000000000000000	0.177777777777778	0.121212121212121	0.155400155400155
2F1	2F2	0.000000000000000	-0.208462922658819	-0.051685022146815	0.115959985585802
2F2	2F2	3.000000000000000	0.311111111111111	-0.019283746556474	-0.141272868545596
2G1	2G1	3.000000000000000	0.012698412698413	-0.057457693821330	-0.007063643427280
2G1	2G2	0.000000000000000	0.249516539334290	-0.034368669329792	-0.053383288160180
2G2	2G2	3.000000000000000	0.049523809523810	0.102453102453102	-0.161377084454008
2H1	2H1	3.000000000000000	-0.007407407407407	-0.014692378328742	-0.038261401897766
2H1	2H2	0.000000000000000	0.126404320045639	-0.078349785152255	0.027043811443086
2H2	2H2	3.000000000000000	-0.197037037037037	-0.070707070707071	0.075209690594306
2I	2I	3.000000000000000	-0.022222222222222	-0.005509641873278	-0.041430985486930
2K	2K	3.000000000000000	-0.177777777777778	0.000918273645546	0.005161893273781
2L	2L	3.000000000000000	-0.000000000000000	-0.057851239669422	-0.002445107340212
#
f4
5S	5S	6.000000000000000	-0.266666666666667	-0.181818181818182	-0.233100233100233
5D	5D	6.000000000000000	-0.022222222222222	-0.121212121212121	-0.369075369075369
5F	5F	6.000000000000000	-0.266666666666667	-0.181818181818182	-0.233100233100233
5G	5G	6.000000000000000	-0.177777777777778	-0.159779614325069	-0.282545737091192
5I	5I	6.000000000000000	-0.422222222222222	-0.220385674931129	-0.146570601116056
3P1	3P1	6.000000000000000	0.093333333333333	0.042424242424242	0.011655011655012
3P1	3P2	0.000000000000000	-0.097777777777778	-0.024242424242424	0.054390054390054
3P1	3P3	0.000000000000000	0.147405546238018	0.036546829645790	-0.081996092154015
3P2	3P2	6.000000000000000	-0.204444444444444	-0.106397306397306	-0.069930069930070
3P2	3P3	0.000000000000000	-0.221108319357027	0.129944283185029	-0.040998046077008
3P3	3P3	6.000000000000000	0.195555555555556	0.037343128252219	-0.331991241082150
3D1	3D1	6.000000000000000	-0.197460317460317	-0.034632034632035	-0.135975135975136
3D1	3D2	0.000000000000000	-0.226957263367608	0.021314543892525	0.057385310479875
3D2	3D2	6.000000000000000	0.170793650793651	-0.122392758756395	-0.181888818252455
3F1	3F1	6.000000000000000	0.044444444444444	0.030303030303030	0.038850038850039
3F1	3F3	0.000000000000000	-0.228359690287380	-0.056618105029929	0.127027799746635
3F3	3F3	6.000000000000000	-0.029629629629630	-0.090909090909091	-0.142450142450142
3F3	3F4	0.000000000000000	0.027583684037074	-0.136778598530948	0.112127426063955
3F2	3F2	6.000000000000000	-0.128395061728395	-0.087542087542088	-0.112233445566779
3F2	3F3	0.000000000000000	0.050746597841640	0.012581801117762	-0.028228399943697
3F2	3F4	0.000000000000000	-0.118106278944211	0.073206371246412	-0.025268471337519
3F4	3F4	6.000000000000000	-0.135308641975309	-0.121824303642485	-0.079481081812084
3G1	3G1	6.000000000000000	-0.050793650793651	-0.131969041059950	-0.098891007981917
3G1	3G2	0.000000000000000	-0.078415483102878	-0.064806184382544	0.083883744577997
3G1	3G3	0.000000000000000	-0.022951012421970	0.080613060159812	-0.063833871167272
3G2	3G2	6.000000000000000	-0.162539682539683	-0.029341029341029	-0.152411690873229
3G2	3G3	0.000000000000000	0.212591302099580	-0.029282548498565	-0.045483248407534
3G3	3G3	6.000000000000000	-0.026666666666667	-0.017753290480563	-0.208377481104754
3H1	3H1	6.000000000000000	0.031111111111111	0.026997245179063	0.046266864448683
3H1	3H2	0.000000000000000	0.026666666666667	0.006611570247934	-0.014833651197288
3H1	3H4	0.000000000000000	0.277555466595484	0.068815404941029	-0.154393536726668
3H2	3H2	6.000000000000000	-0.107654320987654	-0.082399755127028	-0.123770729831336
3H2	3H3	0.000000000000000	0.066620926238183	-0.041293962544328	0.014253340128713
3H2	3H4	0.000000000000000	0.015419748144194	-0.022938468313676	0.015175433097066
3H4	3H4	6.000000000000000	-0.011851851851852	-0.134067952249770	-0.110120389840670
3H3	3H3	6.000000000000000	-0.107160493827161	0.002142638506275	-0.198974383123567
3H3	3H4	0.000000000000000	0.198422678173475	-0.011902186773936	-0.056146081593022
3I1	3I1	6.000000000000000	-0.155555555555556	-0.077134986225895	-0.112339098353084
3I1	3I2	0.000000000000000	0.153960071783900	-0.050895891498810	-0.006587855778322
3I2	3I2	6.000000000000000	0.022222222222222	-0.071625344352617	-0.176998603572030
3K1	3K1	6.000000000000000	-0.062222222222222	-0.164983164983165	-0.065746219592374
3K1	3K2	0.000000000000000	0.146599311133072	0.050481856450782	-0.094093401076902
3K2	3K2	6.000000000000000	-0.320000000000000	-0.054484236302418	-0.077156720513364
3L	3L	6.000000000000000	-0.311111111111111	-0.096418732782369	-0.042925217750393
3M	3M	6.000000000000000	-0.244444444444444	-0.137741046831956	-0.028662091599154
1S1	1S1	6.000000000000000	0.355555555555555	0.242424242424242	0.310800310800311
1S1	1S2	0.000000000000000	-0.416925845317638	-0.103370044293629	0.231919971171604
1S2	1S2	6.000000000000000	0.622222222222222	-0.038567493112948	-0.282545737091192
1D1	1D1	6.000000000000000	0.368888888888889	0.018181818181818	0.066045066045066
1D1	1D2	0.000000000000000	-0.032005290567946	-0.007935196008582	0.017803324378228
1D1	1D3	0.000000000000000	-0.244126777715767	-0.060527300260108	0.135798430070754
1D1	1D4	0.000000000000000	-0.356526452189892	-0.088394988146254	0.198322088789673
1D2	1D2	6.000000000000000	-0.091269841269841	-0.061471861471862	-0.022338772338772
1D2	1D3	0.000000000000000	0.019977311393717	0.080074347321924	-0.077788323131925
1D2	1D4	0.000000000000000	-0.175051012972954	-0.009644683910356	0.067412916385252
1D3	1D3	6.000000000000000	-0.225396825396825	0.073593073593074	-0.097125097125097
1D3	1D4	0.000000000000000	0.222539456105675	-0.137937679404344	0.047611625040947
1D4	1D4	6.000000000000000	0.250000000000000	0.052341597796143	-0.238092327253166
1F	1F	6.000000000000000	0.088888888888889	0.079889807162534	-0.208377481104754
1G1	1G1	6.000000000000000	0.026666666666667	0.167309458218549	0.048739139648230
1G1	1G2	0.000000000000000	-0.011638287479253	-0.002885525821302	0.006473936137537
1G1	1G3	0.000000000000000	-0.231956127133465	-0.057509783586809	0.129028360611431
1G1	1G4	0.000000000000000	-0.185036977730323	-0.045876936627353	0.102929024484445
1G2	1G2	6.000000000000000	-0.090158730158730	-0.036127508854782	-0.045207317934591
1G2	1G3	0.000000000000000	0.151850930071129	-0.006274831821121	-0.045483248407534
1G2	1G4	0.000000000000000	0.121135136687866	-0.136402168377866	0.080341106720582
1G3	1G3	6.000000000000000	0.294603174603175	-0.088023088023088	-0.128503974657821
1G3	1G4	0.000000000000000	0.022285623840996	-0.013813403207229	0.004767939963047
1G4	1G4	6.000000000000000	-0.115555555555556	-0.114784205693297	0.033144788389544
1H1	1H1	6.000000000000000	-0.146666666666667	-0.140495867768595	0.066425416075766
1H1	1H2	0.000000000000000	-0.157009082068051	0.097319678967800	-0.033591605166400
1H2	1H2	6.000000000000000	0.262222222222222	-0.027548209366391	-0.171293353111535
1I1	1I1	6.000000000000000	0.075555555555556	0.038016528925620	0.147059622584098
1I1	1I2	0.000000000000000	0.020367003088693	0.005049670187279	-0.011329388240690
1I1	1I3	0.000000000000000	-0.158698409523174	-0.039346713104919	0.088277881966165
1I2	1I2	6.000000000000000	-0.025555555555556	-0.035261707988981	-0.067695513499709
1I2	1I3	0.000000000000000	-0.181811868577262	0.060103097050334	0.007779616851929
1I3	1I3	6.000000000000000	-0.054444444444444	0.077134986225895	-0.157743383267859
1K	1K	6.000000000000000	-0.204444444444444	-0.021120293847567	-0.020104215908412
1L1	1L1	6.000000000000000	-0.074074074074074	-0.050505050505050	-0.037853884007730
1L1	1L2	0.000000000000000	-0.115517562605143	0.071601795003188	-0.024714623521810
1L2	1L2	6.000000000000000	-0.308148148148148	-0.078971533516988	0.066108457716849
1N	1N	6.000000000000000	-0.111111111111111	-0.078971533516988	-0.000135839296678
#
f5
6P	6P	10.000000000000000	-0.200000000000000	-0.242424242424242	-0.524475524475524
6F	6F	10.000000000000000	-0.444444444444444	-0.303030303030303	-0.388500388500388
6H	6H	10.000000000000000	-0.511111111111111	-0.319559228650138	-0.351416260507170
4S	4S	10.000000000000000	-0.133333333333333	-0.090909090909091	-0.116550116550117
4P1	4P1	10.000000000000000	-0.162962962962963	-0.158249158249158	-0.297850297850298
4P1	4P2	0.000000000000000	0.171973137277687	-0.142126559733626	0.068330076795012
4P2	4P2	10.000000000000000	-0.254814814814815	-0.225589225589226	-0.207200207200207
4D1	4D1	10.000000000000000	-0.133333333333333	-0.090909090909091	-0.116550116550117
4D1	4D2	0.000000000000000	-0.092391315624478	-0.022906937758135	0.051393770611200
4D1	4D3	0.000000000000000	0.136471017525109	0.033835789469035	-0.075913630218990
4D2	4D2	10.000000000000000	-0.167619047619048	-0.229437229437229	-0.233100233100233
4D2	4D3	0.000000000000000	0.175376067147697	-0.034103270228040	-0.028692655239938
4D3	4D3	10.000000000000000	-0.183492063492064	-0.054309327036600	-0.383202655929929
4F1	4F1	10.000000000000000	-0.133333333333333	-0.090909090909091	-0.116550116550117
4F1	4F3	0.000000000000000	0.221108319357027	0.054820244468684	-0.122994138231022
4F3	4F3	10.000000000000000	-0.281481481481482	-0.159779614325069	-0.256645711191166
4F3	4F4	0.000000000000000	-0.234461314315133	0.085486624081842	0.002950721738525
4F2	4F2	10.000000000000000	-0.271604938271605	-0.185185185185185	-0.237416904083571
4F2	4F3	0.000000000000000	-0.031716623651025	-0.007863625698601	0.017642749964810
4F2	4F4	0.000000000000000	0.118106278944211	-0.073206371246412	0.025268471337519
4F4	4F4	10.000000000000000	0.001975308641975	-0.084787266605448	-0.418505779811141
4G1	4G1	10.000000000000000	-0.133333333333333	-0.090909090909091	-0.116550116550117
4G1	4G2	0.000000000000000	-0.033596842045265	-0.008329795548413	0.018688643858618
4G1	4G3	0.000000000000000	0.129667417017003	0.032148946367852	-0.072129046338129
4G1	4G4	0.000000000000000	-0.303613356028433	-0.075276038684735	0.168888548331137
4G2	4G2	10.000000000000000	-0.336507936507937	-0.137609864882592	-0.257822985095712
4G2	4G3	0.000000000000000	0.029405806163580	0.052655024810817	-0.056621527590148
4G2	4G4	0.000000000000000	0.137706074531819	-0.052161391868113	-0.000000000000000
4G3	4G3	10.000000000000000	-0.190899470899471	-0.231842231842232	-0.223138684677146
4G3	4G4	0.000000000000000	-0.035431883683263	0.073206371246412	-0.053063789808790
4G4	4G4	10.000000000000000	-0.165925925925926	-0.203550658096113	-0.256645711191166
4H1	4H1	10.000000000000000	-0.301234567901235	-0.192531374349556	-0.220935069419918
4H1	4H2	0.000000000000000	-0.066620926238183	0.041293962544328	-0.014253340128713
4H1	4H3	0.000000000000000	-0.107938237009355	-0.000000000000000	0.036289079145157
4H2	4H2	10.000000000000000	0.018271604938272	-0.197734925007652	-0.323735230495137
4H2	4H3	0.000000000000000	-0.006400731553983	0.059510933869677	-0.050668415096142
4H3	4H3	10.000000000000000	-0.254814814814815	-0.105601469237833	-0.313698215796118
4I1	4I1	10.000000000000000	-0.133333333333333	-0.090909090909091	-0.116550116550117
4I1	4I2	0.000000000000000	0.058794473579213	0.014577142209722	-0.032705126752582
4I1	4I3	0.000000000000000	-0.203670030886926	-0.050496701872792	0.113293882406904
4I2	4I2	10.000000000000000	-0.266666666666667	-0.201101928374656	-0.224949875299526
4I2	4I3	0.000000000000000	-0.076980035891950	0.069981850810864	-0.036233206780773
4I3	4I3	10.000000000000000	-0.377777777777778	-0.190082644628099	-0.197374498073799
4K1	4K1	10.000000000000000	-0.411851851851852	-0.126109580655035	-0.242699543398844
4K1	4K2	0.000000000000000	0.097732874088715	0.010096371290156	-0.041819289367512
4K2	4K2	10.000000000000000	-0.139259259259259	-0.232935414753597	-0.239529959809680
4L	4L	10.000000000000000	-0.400000000000000	-0.253443526170799	-0.133665867931602
4M	4M	10.000000000000000	-0.466666666666667	-0.212121212121212	-0.147928994082840
2P1	2P1	10.000000000000000	0.133333333333333	0.020202020202020	-0.116550116550117
2P1	2P2	0.000000000000000	-0.172848324290045	-0.042854956435548	0.096148940720782
2P1	2P3	0.000000000000000	0.082402205412174	0.020430298862522	-0.045837208986429
2P1	2P4	0.000000000000000	-0.297105376824910	-0.073662490121878	0.165268407324727
2P2	2P2	10.000000000000000	-0.018518518518519	-0.077441077441077	-0.229862729862730
2P2	2P3	0.000000000000000	-0.167032520264135	0.075442326085089	-0.010803933768323
2P2	2P4	0.000000000000000	0.042017045335976	-0.086812077140446	0.062925913903577
2P3	2P3	10.000000000000000	-0.035925925925926	-0.092898683807775	-0.210290551199642
2P3	2P4	0.000000000000000	0.316487278624061	-0.097671040060778	-0.019713465863235
2P4	2P4	10.000000000000000	-0.052222222222222	0.043617998163453	-0.325980352204128
2D1	2D1	10.000000000000000	0.049523809523809	0.051948051948052	-0.116550116550117
2D1	2D2	0.000000000000000	-0.262608578127453	0.099472946260399	0.000000000000000
2D1	2D3	0.000000000000000	-0.034920634920635	-0.008658008658009	0.019425019425019
2D1	2D4	0.000000000000000	-0.241937255660415	-0.059984443552169	0.134580482328584
2D2	2D2	10.000000000000000	0.243809523809524	-0.021645021645022	-0.116550116550117
2D2	2D3	0.000000000000000	-0.109420240886439	-0.027128985343745	0.060866313271223
2D2	2D4	0.000000000000000	-0.054559195685500	-0.013527073310455	0.030349202940122
2D2	2D5	0.000000000000000	0.469687194424183	0.116451370518393	-0.261269100522035
2D3	2D3	10.000000000000000	-0.194285714285714	-0.138528138528139	-0.116550116550117
2D3	2D4	0.000000000000000	0.054985739922822	-0.069072995605528	0.042821062559095
2D3	2D5	0.000000000000000	-0.205573143820679	0.127421370136784	-0.043981735254314
2D4	2D4	10.000000000000000	-0.099855699855700	-0.080605345068155	-0.199708464171274
2D4	2D5	0.000000000000000	0.020230859645970	0.028423521816653	-0.032029638663910
2D5	2D5	10.000000000000000	0.120808080808081	-0.136238417230153	-0.224517659355549
2F1	2F1	10.000000000000000	0.177777777777778	0.121212121212121	0.155400155400155
2F1	2F2	0.000000000000000	-0.131843528659478	-0.032688478180036	0.073339534378286
2F1	2F4	0.000000000000000	0.119256958799989	0.029567841024791	-0.066338104863312
2F1	2F6	0.000000000000000	-0.377123616632825	-0.093501723132106	0.209779507027160
2F2	2F2	10.000000000000000	0.111111111111111	-0.068870523415978	-0.030020484565939
2F2	2F3	0.000000000000000	0.040368671387967	0.010008761501149	-0.022455554650013
2F2	2F4	0.000000000000000	0.060302268915553	0.014950975764187	-0.033543855881188
2F2	2F5	0.000000000000000	-0.109713431434064	-0.027201677215057	0.061029404008141
2F2	2F6	0.000000000000000	-0.190692517849118	-0.047279136656806	0.106074986088988
2F2	2F7	0.000000000000000	-0.190029237516523	-0.047114686987568	0.105706028497748
2F4	2F4	10.000000000000000	-0.073400673400673	-0.032807412972702	-0.251026903919466
2F4	2F5	0.000000000000000	0.283016445078246	-0.082927433193476	-0.021546537603372
2F4	2F6	0.000000000000000	-0.152044865276783	0.077611623014400	-0.017768228712088
2F4	2F7	0.000000000000000	0.042017045335976	-0.042616837868946	0.023699370171477
2F6	2F6	10.000000000000000	0.228956228956229	-0.102178812922615	-0.291107729124258
2F6	2F7	0.000000000000000	-0.070863767366527	-0.095833795086212	0.108884140127127
2F3	2F3	10.000000000000000	-0.167901234567901	-0.114478114478114	-0.146766813433480
2F3	2F4	0.000000000000000	0.058153259191906	0.014418163436010	-0.032348443606432
2F3	2F5	0.000000000000000	0.029526569736053	-0.018301592811603	0.006317117834380
2F3	2F6	0.000000000000000	0.051320023927967	0.012723972874702	-0.028547375039397
2F3	2F7	0.000000000000000	-0.153424556868207	0.095097865827401	-0.032824707139636
2F5	2F5	10.000000000000000	0.000493827160494	-0.064585246403428	-0.247665224355201
2F5	2F6	0.000000000000000	-0.122739645494566	0.027664833695244	0.016710759998360
2F5	2F7	0.000000000000000	-0.048754022731568	0.097020293169606	-0.069721473653911
2F7	2F7	10.000000000000000	-0.099259259259259	-0.079889807162534	-0.200544081662963
2G1	2G1	10.000000000000000	0.076190476190476	-0.041715859897678	-0.042381860563679
2G1	2G2	0.000000000000000	0.041586089889048	-0.085921673324480	0.062280502853543
2G1	2G3	0.000000000000000	-0.012698412698413	-0.003148366784730	0.007063643427280
2G1	2G4	0.000000000000000	-0.229875761099943	-0.056993990355358	0.127871132207534
2G1	2G5	0.000000000000000	-0.229510124219699	-0.056903336583396	0.127667742334543
2G2	2G2	10.000000000000000	-0.125079365079365	0.059163059163059	-0.064251987328910
2G2	2G3	0.000000000000000	-0.103965224722621	-0.025776501997344	0.057831895506862
2G2	2G4	0.000000000000000	0.052644837942149	0.013052439159210	-0.029284318626434
2G2	2G5	0.000000000000000	0.093952969584932	0.023294124690479	-0.052262459241459
2G2	2G6	0.000000000000000	0.068942631366616	0.017093214388417	-0.038350160486833
2G3	2G3	10.000000000000000	-0.203174603174603	-0.107306834579562	-0.141272868545596
2G3	2G4	0.000000000000000	-0.094040084086340	0.025042813944021	0.009389139078176
2G3	2G5	0.000000000000000	0.051639777949432	0.034379099185802	-0.047875403375454
2G3	2G6	0.000000000000000	0.117288591758166	-0.072699540345971	0.025093529705217
2G4	2G4	10.000000000000000	0.026878306878307	-0.126240762604399	-0.201811915098628
2G4	2G5	0.000000000000000	0.009442628728876	-0.085061696813837	0.072323914355721
2G4	2G6	0.000000000000000	0.152635864825540	-0.088596242727626	0.027319195795923
2G5	2G5	10.000000000000000	-0.063703703703704	-0.099785736149372	-0.194838831202468
2G5	2G6	0.000000000000000	0.211986489203766	-0.070078178249179	-0.009070770113614
2G6	2G6	10.000000000000000	0.075555555555556	-0.001836547291093	-0.328595258665189
2H1	2H1	10.000000000000000	-0.074074074074074	-0.031221303948577	-0.001177273904547
2H1	2H2	0.000000000000000	0.126404320045639	-0.078349785152255	0.027043811443086
2H1	2H3	0.000000000000000	0.047140452079103	0.011687715391513	-0.026222438378395
2H1	2H5	0.000000000000000	0.155158222708544	0.038468980836829	-0.086308610851860
2H1	2H6	0.000000000000000	-0.150786688783869	-0.037385129450546	0.083876892998020
2H1	2H7	0.000000000000000	-0.143515531629612	-0.035582363213953	0.079832225159511
2H2	2H2	10.000000000000000	0.136296296296296	0.011937557392103	-0.110210949371789
2H2	2H4	0.000000000000000	-0.100503781525921	-0.024918292940311	0.055906426468647
2H2	2H5	0.000000000000000	0.101835015443463	0.025248350936396	-0.056646941203452
2H2	2H6	0.000000000000000	-0.098965846043610	-0.024536986622383	0.055050931524577
2H2	2H7	0.000000000000000	-0.226309218387085	-0.056109723567046	0.125887200310680
2H3	2H3	10.000000000000000	-0.208641975308642	-0.124579124579125	-0.124104290770957
2H3	2H4	0.000000000000000	0.062882147029739	-0.038976537415128	0.013453439936188
2H3	2H5	0.000000000000000	-0.041447296319535	-0.027201677215057	0.038078175150379
2H3	2H6	0.000000000000000	0.021324458030348	-0.044058797583363	0.031936110674331
2H3	2H7	0.000000000000000	-0.156833972323195	0.067857187830648	-0.007500337395682
2H5	2H5	10.000000000000000	-0.113703703703704	-0.082185491276400	-0.193650237356531
2H5	2H6	0.000000000000000	-0.080985442983962	0.054882696898222	-0.021484963968311
2H5	2H7	0.000000000000000	-0.009810207927129	0.068914683785620	-0.057868665030563
2H6	2H6	10.000000000000000	-0.201296296296296	-0.083333333333333	-0.163182615105692
2H6	2H7	0.000000000000000	-0.121215564157986	0.045586687235569	0.000291389811755
2H7	2H7	10.000000000000000	0.077356902356902	-0.105872777360381	-0.236861026355623
2H4	2H4	10.000000000000000	-0.251492704826038	-0.097142221109163	-0.134050059881804
2H4	2H5	0.000000000000000	-0.023881209668910	-0.071051532899237	0.071092407383975
2H4	2H6	0.000000000000000	0.113389436169963	-0.078913918169613	0.031920154585064
2H4	2H7	0.000000000000000	0.002581857173425	-0.021337662590290	0.018070727563522
2I1	2I1	10.000000000000000	-0.133333333333333	-0.033057851239669	0.020375894501769
2I1	2I2	0.000000000000000	0.022222222222222	0.005509641873278	-0.012361375997740
2I1	2I3	0.000000000000000	-0.153960071783900	-0.038171918624108	0.085642125118190
2I2	2I2	10.000000000000000	-0.133333333333333	-0.110192837465565	-0.162192120234078
2I2	2I3	0.000000000000000	0.076980035891950	-0.003180993218676	-0.023057495224128
2I2	2I4	0.000000000000000	0.133333333333333	-0.082644628099174	0.028526252302476
2I3	2I3	10.000000000000000	-0.177777777777778	-0.111570247933884	-0.146027243929342
2I3	2I4	0.000000000000000	0.023094010767585	0.069186602506195	-0.069172485672384
2I3	2I5	0.000000000000000	0.134660065844828	-0.083466982961670	0.028810102600182
2I4	2I4	10.000000000000000	-0.232888888888889	-0.081267217630854	-0.154394944604735
2I4	2I5	0.000000000000000	0.015549205052921	0.080316141802277	-0.076514194261341
2I5	2I5	10.000000000000000	-0.011555555555556	-0.143250688705234	-0.173792796170419
2K1	2K1	10.000000000000000	-0.133333333333333	0.011937557392103	-0.019560858721698
2K1	2K2	0.000000000000000	-0.013400504203456	-0.003322439058708	0.007454190195820
2K1	2K3	0.000000000000000	0.129576708774340	0.032126456720911	-0.072078588796915
2K1	2K4	0.000000000000000	-0.248565886146941	-0.061627905656266	0.138267737049316
2K1	2K5	0.000000000000000	0.168540194320077	0.041786825038036	-0.093752492072516
2K2	2K2	10.000000000000000	-0.137104377104377	-0.188301750285221	-0.091596849384516
2K2	2K3	0.000000000000000	-0.143252441524546	-0.020449259120709	0.066312024476606
2K2	2K4	0.000000000000000	-0.062097645768614	0.016811844821939	0.005955613044209
2K2	2K5	0.000000000000000	-0.091470205088719	0.071395476882839	-0.032616276856500
2K3	2K3	10.000000000000000	-0.157037037037037	-0.131925313743496	-0.134933701367268
2K3	2K4	0.000000000000000	-0.053590362934610	0.073732045172055	-0.047425442549628
2K3	2K5	0.000000000000000	0.113874179168670	-0.070583168906200	0.024363026742771
2K4	2K4	10.000000000000000	0.030953008344313	-0.169771738223050	-0.164544878329118
2K4	2K5	0.000000000000000	0.123115129721773	0.012718505136547	-0.052680198790430
2K5	2K5	10.000000000000000	-0.261256038647343	-0.065556753303789	-0.158802043873494
2L1	2L1	10.000000000000000	-0.133333333333333	-0.090909090909091	0.071723148646226
2L1	2L2	0.000000000000000	0.040201512610368	0.009967317176124	-0.022362570587459
2L1	2L3	0.000000000000000	-0.195917937881753	-0.048574695342583	0.108981688268617
2L2	2L2	10.000000000000000	-0.303030303030303	-0.097921362384172	-0.116031457417344
2L2	2L3	0.000000000000000	-0.082700073228682	0.034173583978794	-0.002527631951094
2L3	2L3	10.000000000000000	-0.381414141414141	-0.075632356624092	-0.109461775068895
2M1	2M1	10.000000000000000	-0.333333333333333	-0.150137741046832	-0.059497611945164
2M1	2M2	0.000000000000000	-0.157762127549323	0.040744351123276	0.016876358453428
2M2	2M2	10.000000000000000	-0.137777777777778	-0.097796143250689	-0.171700871001570
2N	2N	10.000000000000000	-0.404444444444444	-0.205693296602387	0.013719768964524
2O	2O	10.000000000000000	-0.355555555555556	-0.165289256198347	-0.038578360256682
#
f6
7F	7F	15.000000000000000	-0.666666666666667	-0.454545454545455	-0.582750582750583
5S	5S	15.000000000000000	-0.355555555555556	-0.242424242424242	-0.310800310800311
5P	5P	15.000000000000000	-0.377777777777778	-0.292929292929293	-0.446775446775447
5D1	5D1	15.000000000000000	-0.437037037037037	-0.262626262626263	-0.265475265475266
5D1	5D2	0.000000000000000	0.087107367734420	0.021596868033327	-0.048454511613234
5D1	5D3	0.000000000000000	0.272942035050218	0.067671578938071	-0.151827260437979
5D2	5D2	15.000000000000000	-0.317248677248677	-0.330447330447330	-0.433825433825434
5D2	5D3	0.000000000000000	0.189661750869827	-0.117558936489562	0.040577542180815
5D3	5D3	15.000000000000000	-0.405714285714286	-0.230617866981503	-0.492689129052766
5F1	5F1	15.000000000000000	-0.355555555555556	-0.242424242424242	-0.310800310800311
5F1	5F2	0.000000000000000	-0.147405546238018	-0.036546829645790	0.081996092154015
5F2	5F2	15.000000000000000	-0.444444444444445	-0.225895316804408	-0.483859574768666
5G1	5G1	15.000000000000000	-0.385185185185185	-0.249770431588613	-0.294318476136658
5G1	5G2	0.000000000000000	0.031675406448880	0.007853406557574	-0.017619822404812
5G1	5G3	0.000000000000000	0.259334834034005	0.064297892735704	-0.144258092676258
5G2	5G2	15.000000000000000	-0.484656084656085	-0.271677817132363	-0.429704975159521
5G2	5G3	0.000000000000000	-0.110896239704129	0.068737338659584	-0.023725905848969
5G3	5G3	15.000000000000000	-0.259047619047619	-0.366522366522367	-0.421373498296575
5H1	5H1	15.000000000000000	-0.481481481481482	-0.318640955004591	-0.389089025452662
5H1	5H2	0.000000000000000	-0.126404320045639	0.078349785152255	-0.027043811443086
5H2	5H2	15.000000000000000	-0.425185185185185	-0.295684113865932	-0.428391861958296
5I1	5I1	15.000000000000000	-0.303703703703704	-0.229568411386593	-0.339643521461703
5I1	5I2	0.000000000000000	-0.055431961285540	-0.013743461475754	0.030834689208422
5I2	5I2	15.000000000000000	-0.496296296296296	-0.335169880624426	-0.369437607199845
5K	5K	15.000000000000000	-0.444444444444445	-0.367309458218549	-0.358344064637771
5L	5L	15.000000000000000	-0.622222222222222	-0.308539944903581	-0.350737064023777
3P1	3P1	15.000000000000000	-0.093333333333334	-0.042424242424242	-0.011655011655012
3P1	3P2	0.000000000000000	-0.039917610623133	-0.009896928253669	0.022204646722976
3P1	3P3	0.000000000000000	0.060178062256563	0.014920180724768	-0.033474764446594
3P1	3P4	0.000000000000000	-0.089258490852694	-0.022130204343643	0.049651099488943
3P1	3P5	0.000000000000000	0.042552315900282	0.010550160967012	-0.023670232938809
3P1	3P6	0.000000000000000	0.460273670604622	0.114117438992881	-0.256032715689157
3P2	3P2	15.000000000000000	0.021728395061728	-0.088888888888889	-0.322886989553656
3P2	3P3	0.000000000000000	-0.204729925330580	0.134005042034562	-0.050108722983009
3P2	3P4	0.000000000000000	-0.133611963099987	-0.033126932999997	0.074323247115378
3P2	3P5	0.000000000000000	-0.110022098069932	-0.027278206133041	0.061201103503618
3P2	3P6	0.000000000000000	0.062635313056621	0.015529416460319	-0.034841639494306
3P3	3P3	15.000000000000000	-0.303209876543210	-0.124885215794307	-0.181692605935030
3P3	3P4	0.000000000000000	-0.018311601202705	-0.004540066413894	0.010186046441429
3P3	3P5	0.000000000000000	0.144913241576502	0.035928902870207	-0.080609717978029
3P3	3P6	0.000000000000000	-0.321049376781768	-0.079599019036802	0.178587542710774
3P4	3P4	15.000000000000000	-0.239506172839506	-0.198653198653199	-0.325908659241993
3P4	3P5	0.000000000000000	0.134661876802094	-0.083468105455843	0.028810490048861
3P4	3P6	0.000000000000000	-0.112045454229268	0.069449661712356	-0.023971776725172
3P5	3P5	15.000000000000000	-0.163456790123457	-0.168656259565351	-0.378101135676893
3P5	3P6	0.000000000000000	-0.202979182915010	0.125813543129138	-0.043426765379880
3P6	3P6	15.000000000000000	0.057777777777778	-0.254361799816345	-0.376410691096006
3D1	3D1	15.000000000000000	-0.146666666666667	-0.060606060606061	-0.291375291375292
3D1	3D2	0.000000000000000	0.048142449805250	0.089521084348606	-0.095642184133126
3D1	3D3	0.000000000000000	0.098770471022883	0.024488546534599	-0.054942251840447
3D1	3D4	0.000000000000000	-0.114050316066095	-0.028276937867627	0.063441847779932
3D2	3D2	15.000000000000000	0.001481481481481	-0.202938475665748	-0.214852487579760
3D2	3D3	0.000000000000000	0.024315609085875	0.006028663409721	-0.013525847393605
3D2	3D4	0.000000000000000	0.096994125663111	0.024048130329697	-0.053954138560218
3D2	3D5	0.000000000000000	0.313124796282789	0.077634247012262	-0.174179400348023
3D3	3D3	15.000000000000000	-0.259682539682540	-0.186147186147186	-0.330225330225330
3D3	3D4	0.000000000000000	-0.095308615866224	0.059075588346833	-0.020390982170998
3D3	3D5	0.000000000000000	0.205573143820679	-0.127421370136784	0.043981735254314
3D4	3D4	15.000000000000000	-0.168061568061568	-0.197941635958165	-0.350560061303863
3D4	3D5	0.000000000000000	0.026974479527961	-0.016719718715678	0.005771106065569
3D5	3D5	15.000000000000000	-0.213737373737374	-0.098923115452041	-0.423090013045512
3F1	3F1	15.000000000000000	-0.044444444444445	-0.030303030303030	-0.038850038850039
3F1	3F3	0.000000000000000	-0.093227453170680	-0.023114244587772	0.051858882087950
3F1	3F6	0.000000000000000	-0.224873078056418	-0.055753655716467	0.125088330133100
3F1	3F8	0.000000000000000	-0.266666666666667	-0.066115702479339	0.148336511972876
3F3	3F3	15.000000000000000	-0.029629629629630	-0.129476584022039	-0.269595724141179
3F3	3F4	0.000000000000000	0.303420524407819	-0.068389299265474	-0.041310104339352
3F3	3F5	0.000000000000000	-0.044854079319963	-0.011120846112388	0.024950616277792
3F3	3F6	0.000000000000000	-0.107204033627649	-0.026579512469665	0.059633521566556
3F3	3F7	0.000000000000000	0.121903812704515	0.030224085794508	-0.067810448897934
3F3	3F8	0.000000000000000	-0.127128345232746	-0.031519424437871	0.070716657392659
3F3	3F9	0.000000000000000	-0.126686158344349	-0.031409791325045	0.070470685665165
3F6	3F6	15.000000000000000	-0.142760942760943	-0.232907588279489	-0.328031319766857
3F6	3F7	0.000000000000000	-0.176425835892933	0.109354856958429	-0.037745759305178
3F6	3F8	0.000000000000000	0.132879546124247	-0.082363355035690	0.028429165939341
3F6	3F9	0.000000000000000	-0.061115702306874	0.037881633661285	-0.013075514577367
3F8	3F8	15.000000000000000	-0.227609427609428	-0.109608481509308	-0.408942144479335
3F8	3F9	0.000000000000000	-0.090190249375580	0.055903047133624	-0.019295923566833
3F2	3F2	15.000000000000000	-0.217283950617284	-0.148148148148148	-0.189933523266857
3F2	3F3	0.000000000000000	-0.050746597841640	-0.012581801117762	0.028228399943697
3F2	3F4	0.000000000000000	-0.118106278944211	0.073206371246412	-0.025268471337519
3F2	3F6	0.000000000000000	0.087978880950884	0.021812945690302	-0.048939301228242
3F2	3F8	0.000000000000000	-0.145154947720485	-0.035988830013343	0.080744169901732
3F4	3F4	15.000000000000000	0.131358024691358	-0.094276094276094	-0.354963175475996
3F4	3F6	0.000000000000000	0.041583968312133	0.010310074788132	-0.023131578050296
3F4	3F7	0.000000000000000	-0.125707872210942	-0.031167241044035	0.069926502342387
3F4	3F8	0.000000000000000	0.157800064817528	0.039123983012610	-0.087778167015472
3F4	3F9	0.000000000000000	-0.217732421580727	-0.053983245020015	0.121116254852598
3F5	3F5	15.000000000000000	-0.320987654320988	-0.218855218855219	-0.280583613916947
3F5	3F7	0.000000000000000	-0.029526569736053	0.018301592811603	-0.006317117834380
3F5	3F9	0.000000000000000	0.153424556868207	-0.095097865827401	0.032824707139636
3F7	3F7	15.000000000000000	-0.178271604938272	-0.191613100704010	-0.352744466963581
3F7	3F8	0.000000000000000	0.066948897542490	-0.041497250542866	0.014323508570023
3F7	3F9	0.000000000000000	0.125734058623518	-0.077934333857553	0.026900411094816
3F9	3F9	15.000000000000000	-0.108148148148148	-0.183654729109275	-0.383383774992167
3G1	3G1	15.000000000000000	-0.088888888888889	-0.179981634527089	-0.204845659391114
3G1	3G2	0.000000000000000	0.182969460573383	-0.000000000000000	-0.061514746023865
3G1	3G3	0.000000000000000	-0.175957761901769	0.042677502437547	0.021277957055757
3G1	3G4	0.000000000000000	0.035916534917412	0.008904926012581	-0.019979000669253
3G1	3G5	0.000000000000000	-0.108364473002792	-0.026867224711436	0.060279029801299
3G1	3G6	0.000000000000000	0.216384220248955	0.053648980227014	-0.120366301791376
3G2	3G2	15.000000000000000	-0.173827160493827	-0.070707070707071	-0.273278478406684
3G2	3G3	0.000000000000000	-0.023621255788842	-0.087847645495694	0.085912802547564
3G2	3G4	0.000000000000000	0.023103383271694	0.005728111554965	-0.012851532334858
3G2	3G5	0.000000000000000	-0.093590823008265	-0.023204336283041	0.052061010891438
3G2	3G6	0.000000000000000	-0.104392188427702	-0.025882360767199	0.058069399157177
3G2	3G7	0.000000000000000	0.045961754244411	0.011395476258945	-0.025566773657889
3G3	3G3	15.000000000000000	-0.214320987654321	-0.102846648301194	-0.231138109925989
3G3	3G4	0.000000000000000	0.108192110124477	0.026824490113507	-0.060183150895688
3G3	3G5	0.000000000000000	-0.035610382967546	-0.008829020570466	0.019808699997840
3G3	3G6	0.000000000000000	0.034918853391928	0.008657566956676	-0.019424028428441
3G3	3G7	0.000000000000000	-0.199862778714549	-0.049552755053194	0.111176053003961
3G4	3G4	15.000000000000000	-0.273015873015873	-0.222878131969041	-0.293141202232111
3G4	3G5	0.000000000000000	0.055727457236350	-0.034541812336580	0.011922716289747
3G4	3G6	0.000000000000000	0.024863596790467	-0.015411320324670	0.005319489263939
3G4	3G7	0.000000000000000	-0.117288591758166	0.072699540345971	-0.025093529705217
3G5	3G5	15.000000000000000	-0.308712522045855	-0.155756701211247	-0.340715142579945
3G5	3G6	0.000000000000000	-0.100721373108006	0.062430603166119	-0.021549024761481
3G5	3G7	0.000000000000000	-0.145706869664848	0.090314175412096	-0.031173531946976
3G6	3G6	15.000000000000000	-0.230123456790124	-0.185185185185185	-0.341017007683674
3G6	3G7	0.000000000000000	-0.141324326135844	0.087597722811473	-0.030235900378714
3G7	3G7	15.000000000000000	-0.097777777777778	-0.215794306703398	-0.358344064637771
3H1	3H1	15.000000000000000	-0.031111111111111	-0.026997245179063	-0.046266864448683
3H1	3H2	0.000000000000000	0.010886621079036	0.002699162251001	-0.006055812742630
3H1	3H4	0.000000000000000	0.113311544746506	0.028093771424754	-0.063030897427332
3H1	3H5	0.000000000000000	0.024343224778007	0.006035510275539	-0.013541208951530
3H1	3H7	0.000000000000000	0.080123361676978	0.019865296283548	-0.044569574995140
3H1	3H8	0.000000000000000	0.233597733795874	0.057916793503109	-0.129941523885181
3H1	3H9	0.000000000000000	0.222333305569436	0.055123960058538	-0.123675551413386
3H2	3H2	15.000000000000000	-0.282469135802469	-0.164309764309764	-0.153673487006820
3H2	3H3	0.000000000000000	0.066620926238183	-0.041293962544328	0.014253340128713
3H2	3H4	0.000000000000000	0.046259244432581	-0.015292312209118	-0.001979404317009
3H2	3H5	0.000000000000000	0.036439626299997	0.009034618090908	-0.020269976486012
3H2	3H7	0.000000000000000	-0.207164761062011	-0.051363163899672	0.115237867723624
3H2	3H8	0.000000000000000	0.031788625159466	0.007881477312264	-0.017682801662131
3H2	3H9	0.000000000000000	0.030255730637301	0.007501420819165	-0.016830110812230
3H4	3H4	15.000000000000000	-0.026666666666667	-0.176308539944904	-0.229025054199879
3H4	3H5	0.000000000000000	-0.034479605046343	-0.008548662408184	0.019179691300413
3H4	3H6	0.000000000000000	-0.038597863542455	-0.009569718233667	0.021470521678098
3H4	3H7	0.000000000000000	-0.026189140043946	-0.006493175217507	0.014568021321330
3H4	3H8	0.000000000000000	-0.015270761576362	-0.003786139233809	0.008494543152776
3H4	3H9	0.000000000000000	-0.204802667670305	-0.050777520909993	0.113923925118574
3H5	3H5	15.000000000000000	-0.343209876543210	-0.224364860728497	-0.268222237919208
3H5	3H6	0.000000000000000	-0.062882147029739	0.038976537415128	-0.013453439936188
3H5	3H7	0.000000000000000	-0.019504610032722	0.012089634317803	-0.004172950701411
3H5	3H8	0.000000000000000	-0.056865221414261	0.035247038066691	-0.012166137399745
3H5	3H9	0.000000000000000	0.123007037116231	-0.076244031270391	0.026316973318182
3H7	3H7	15.000000000000000	-0.232592592592593	-0.215794306703398	-0.313019019312726
3H7	3H8	0.000000000000000	0.086384472516227	-0.053544094534851	0.018481689435106
3H7	3H9	0.000000000000000	0.082218885484513	-0.050962119101971	0.017590475035197
3H8	3H8	15.000000000000000	-0.149629629629630	-0.215794306703398	-0.340911354897369
3H8	3H9	0.000000000000000	0.087166248383271	-0.054028666353267	0.018648947952311
3H9	3H9	15.000000000000000	-0.255218855218855	-0.150346439602638	-0.363501841569229
3H3	3H3	15.000000000000000	-0.344197530864198	-0.095194367921641	-0.194265287505381
3H3	3H4	0.000000000000000	-0.057606583985848	-0.075380516234925	0.086273247325864
3H3	3H6	0.000000000000000	0.178673389379416	0.044299187449442	-0.099389202610927
3H3	3H7	0.000000000000000	-0.113150017159403	-0.028053723262662	0.062941045781614
3H3	3H8	0.000000000000000	-0.065977230695740	-0.016357991081588	0.036700621016384
3H3	3H9	0.000000000000000	-0.150872812258057	-0.037406482378031	0.083924800207120
3H6	3H6	15.000000000000000	-0.232682379349046	-0.235022400311657	-0.295922477528750
3H6	3H7	0.000000000000000	-0.075055230388003	0.046521837017357	-0.016057833290015
3H6	3H8	0.000000000000000	-0.123335877939258	0.076447858226812	-0.026387327790320
3H6	3H9	0.000000000000000	-0.025326789415503	0.015698423191427	-0.005418587886587
3I1	3I1	15.000000000000000	-0.333333333333333	-0.159779614325069	-0.140593672062204
3I1	3I2	0.000000000000000	0.051320023927967	-0.076343837248215	0.050506894300471
3I1	3I3	0.000000000000000	-0.062853936105471	-0.015583620522018	0.034963251171193
3I1	3I4	0.000000000000000	0.145154947720485	0.035988830013343	-0.080744169901732
3I2	3I2	15.000000000000000	-0.274074074074074	-0.183654729109275	-0.139325838626538
3I2	3I3	0.000000000000000	0.072577473860242	0.017994415006672	-0.040372084950866
3I2	3I4	0.000000000000000	0.073329592123049	0.018180890609020	-0.040790459699726
3I2	3I5	0.000000000000000	-0.272165526975909	-0.067479056275019	0.151395318565747
3I3	3I3	15.000000000000000	-0.377777777777778	-0.228650137741047	-0.252796931118609
3I3	3I4	0.000000000000000	-0.025660011963983	0.015904966093378	-0.005489879815269
3I3	3I5	0.000000000000000	-0.133333333333333	0.082644628099174	-0.028526252302476
3I4	3I4	15.000000000000000	-0.292592592592593	-0.217171717171717	-0.291624330085869
3I4	3I5	0.000000000000000	0.073131034097353	-0.045329153366128	0.015646157473516
3I4	3I6	0.000000000000000	-0.134660065844828	0.083466982961670	-0.028810102600182
3I5	3I5	15.000000000000000	-0.182666666666667	-0.233884297520661	-0.313748023538233
3I5	3I6	0.000000000000000	0.088112161966551	-0.054614976425548	0.018851323223809
3I6	3I6	15.000000000000000	-0.317333333333333	-0.150413223140496	-0.342559538363734
3K1	3K1	15.000000000000000	-0.170864197530864	-0.230486685032140	-0.132458407516683
3K1	3K2	0.000000000000000	-0.179176935829311	-0.030289113870470	0.087123519515650
3K1	3K3	0.000000000000000	0.023823118583922	0.005906558326592	-0.013251893681457
3K1	3K4	0.000000000000000	-0.143974120860378	-0.035696063023234	0.080087320885461
3K1	3K5	0.000000000000000	-0.165710590764628	-0.041085270437511	0.092178491366210
3K1	3K6	0.000000000000000	0.112360129546718	0.027857883358690	-0.062501661381677
3K2	3K2	15.000000000000000	-0.270617283950617	-0.080808080808081	-0.231772026643822
3K2	3K3	0.000000000000000	-0.049112617126563	-0.012176681932206	0.027319478694051
3K2	3K4	0.000000000000000	-0.048886394748700	-0.012120593739347	0.027193639799817
3K2	3K5	0.000000000000000	-0.132055228463357	-0.032740965734716	0.073457294917633
3K3	3K3	15.000000000000000	-0.466711560044894	-0.173525892534157	-0.271824037452349
3K3	3K4	0.000000000000000	0.017363932306006	-0.010762767958268	0.003714959354432
3K3	3K5	0.000000000000000	0.037115834252505	-0.023005682387916	0.007940817392279
3K3	3K6	0.000000000000000	0.108409131957000	-0.067195742948554	0.023193796875734
3K4	3K4	15.000000000000000	-0.373827160493827	-0.211815120906030	-0.269067460209651
3K4	3K5	0.000000000000000	0.100278936703399	-0.062156365725247	0.021454366867689
3K4	3K6	0.000000000000000	-0.113874179168670	0.070583168906200	-0.024363026742771
3K5	3K5	15.000000000000000	-0.411892841458059	-0.136797366405703	-0.322853498037997
3K5	3K6	0.000000000000000	-0.020519188286962	0.012718505136547	-0.004390016565869
3K6	3K6	15.000000000000000	-0.208309178743961	-0.262985587096259	-0.279297406083663
3L1	3L1	15.000000000000000	-0.340740740740741	-0.142332415059688	-0.153588964777776
3L1	3L2	0.000000000000000	-0.071469355751766	-0.017719674979777	0.039755681044371
3L1	3L3	0.000000000000000	-0.130611958587835	-0.032383130228389	0.072654458845744
3L2	3L2	15.000000000000000	-0.374410774410774	-0.282160447449704	-0.206434567528020
3L2	3L3	0.000000000000000	0.063009579602805	-0.039055524547193	0.013480703739169
3L3	3L3	15.000000000000000	-0.244848484848485	-0.291760581016779	-0.241472873386414
3M1	3M1	15.000000000000000	-0.362962962962963	-0.205693296602388	-0.089880334635580
3M1	3M2	0.000000000000000	0.010475656017578	0.002597270087003	-0.005827208528532
3M1	3M3	0.000000000000000	0.185924450340906	0.046096971158902	-0.103422691702665
3M2	3M2	15.000000000000000	-0.470370370370370	-0.261248852157943	-0.192733322103951
3M2	3M3	0.000000000000000	0.092027907737105	-0.057042091572586	0.019689084862332
3M3	3M3	15.000000000000000	-0.406666666666667	-0.249311294765840	-0.224746116354508
3N	3N	15.000000000000000	-0.528888888888889	-0.237832874196511	-0.193842676360159
3O	3O	15.000000000000000	-0.577777777777778	-0.278236914600551	-0.141544547138953
1S1	1S1	15.000000000000000	0.266666666666666	0.181818181818182	0.233100233100233
1S1	1S2	0.000000000000000	-0.559364719024081	-0.138685467526632	0.311153292527699
1S2	1S2	15.000000000000000	-0.000000000000000	-0.231404958677686	-0.063572790845518
1S2	1S3	0.000000000000000	-0.076119896762460	-0.018872701676643	0.042342599915545
1S2	1S4	0.000000000000000	0.413755260556117	0.102583948898211	-0.230156295604960
1S3	1S3	15.000000000000000	-0.251851851851852	-0.171717171717172	-0.220150220150220
1S3	1S4	0.000000000000000	-0.177159418416317	0.109809556869618	-0.037902707006278
1S4	1S4	15.000000000000000	-0.174814814814815	0.011937557392103	-0.409057402064395
1P	1P	15.000000000000000	-0.004444444444445	-0.177226813590450	-0.298438934802571
1D1	1D1	15.000000000000000	0.377777777777778	-0.018181818181818	-0.066045066045066
1D1	1D2	0.000000000000000	-0.013066105160163	-0.003239530204999	0.007268176741985
1D1	1D3	0.000000000000000	-0.099664339658913	-0.024710166857582	0.055439476924062
1D1	1D4	0.000000000000000	-0.145551314611669	-0.036087102796282	0.080964653709606
1D1	1D5	0.000000000000000	-0.065921764329739	-0.016344239090018	0.036669767189143
1D1	1D6	0.000000000000000	0.336136362687805	0.083339594054828	-0.186979858456344
1D2	1D2	15.000000000000000	0.077089947089947	-0.058297258297258	-0.243136493136493
1D2	1D3	0.000000000000000	-0.193114010139266	0.027241788264160	0.040746264497675
1D2	1D4	0.000000000000000	0.097250562762752	0.057868103462133	-0.084058080924820
1D2	1D5	0.000000000000000	0.179119714805547	0.044409846646003	-0.099637476449366
1D2	1D6	0.000000000000000	-0.089836221743868	-0.022273443407571	0.049972469183652
1D3	1D3	15.000000000000000	-0.073015873015873	0.072805981896891	-0.309034399943491
1D3	1D4	0.000000000000000	0.222539456105675	-0.137937679404344	0.047611625040947
1D3	1D5	0.000000000000000	0.033596842045265	0.008329795548413	-0.018688643858618
1D3	1D6	0.000000000000000	-0.085655476591950	-0.021236895022797	0.047646879858840
1D4	1D4	15.000000000000000	-0.094444444444444	-0.071625344352617	-0.173636580979238
1D4	1D5	0.000000000000000	-0.098130676292532	-0.024329919741950	0.054586358395401
1D4	1D6	0.000000000000000	0.230940107675850	0.057257877936161	-0.128463187677285
1D5	1D5	15.000000000000000	-0.131851851851852	-0.175390266299357	-0.257234348143439
1D5	1D6	0.000000000000000	-0.181298471594410	0.112375085699015	-0.038788244570666
1D6	1D6	15.000000000000000	-0.013333333333334	-0.107438016528926	-0.357393189561022
1F1	1F1	15.000000000000000	-0.266666666666667	-0.046831955922865	-0.137741046831956
1F1	1F2	0.000000000000000	0.104231461329410	0.025842511073407	-0.057979992792901
1F1	1F3	0.000000000000000	-0.179161283295523	-0.044420152883188	0.099660599417408
1F1	1F4	0.000000000000000	0.179161283295523	0.044420152883188	-0.099660599417408
1F2	1F2	15.000000000000000	-0.251851851851852	-0.171717171717172	-0.220150220150220
1F2	1F3	0.000000000000000	-0.056022727114634	0.034724830856178	-0.011985888362586
1F2	1F4	0.000000000000000	0.168068181343903	-0.104174492568535	0.035957665087758
1F3	1F3	15.000000000000000	-0.174814814814815	-0.103764921946740	-0.306362893775481
1F3	1F4	0.000000000000000	0.044444444444444	-0.027548209366391	0.009508750767492
1F4	1F4	15.000000000000000	0.115555555555555	-0.206611570247934	-0.312702060953809
1G1	1G1	15.000000000000000	-0.026666666666667	0.115518824609734	-0.048739139648231
1G1	1G2	0.000000000000000	-0.004751310967332	-0.001178010983636	0.002642973360722
1G1	1G3	0.000000000000000	-0.094695692364855	-0.023478270834262	0.052675607640972
1G1	1G4	0.000000000000000	-0.075541029831004	-0.018729180949836	0.042020598284888
1G1	1G5	0.000000000000000	-0.023971550665360	-0.005943359669097	0.013334460796052
1G1	1G6	0.000000000000000	0.192021946619492	0.047608747095742	-0.106814496689164
1G1	1G7	0.000000000000000	-0.174454535631167	-0.043253190652356	0.097042414925157
1G1	1G8	0.000000000000000	0.202868402689797	0.050297951080115	-0.112847967166925
1G2	1G2	15.000000000000000	-0.085502645502646	-0.073540600813328	-0.174942902215630
1G2	1G3	0.000000000000000	-0.050616976690376	-0.056473486390089	0.067141938125407
1G2	1G4	0.000000000000000	0.262459462823710	-0.101363079253276	0.001727765735926
1G2	1G5	0.000000000000000	0.065134441747472	0.016149035144001	-0.036231809617951
1G2	1G6	0.000000000000000	0.205280095711867	0.050895891498810	-0.114189500157587
1G2	1G7	0.000000000000000	0.046624935850041	0.011559901450423	-0.025935676331078
1G2	1G8	0.000000000000000	-0.054218861247665	-0.013442692871322	0.030159887852325
1G3	1G3	15.000000000000000	-0.027089947089947	-0.206349206349206	-0.076703922857769
1G3	1G4	0.000000000000000	0.022285623840996	-0.013813403207229	0.004767939963047
1G3	1G5	0.000000000000000	0.031921911384124	0.007914523483667	-0.017756943713355
1G3	1G6	0.000000000000000	0.153424556868207	0.038039146330960	-0.085344238563052
1G3	1G7	0.000000000000000	-0.234100837638772	-0.058041529993084	0.130221381394740
1G3	1G8	0.000000000000000	0.141309945639634	0.035035523712306	-0.078605341662225
1G4	1G4	15.000000000000000	0.343703703703704	-0.039485766758494	-0.349469230588112
1G4	1G5	0.000000000000000	-0.050929751922395	-0.012627211220428	0.028330281584295
1G4	1G7	0.000000000000000	-0.011404449761770	-0.002827549527712	0.006343861119866
1G4	1G8	0.000000000000000	-0.225452680104019	-0.055897358703476	0.125410740680875
1G5	1G5	15.000000000000000	-0.257239057239057	-0.142666332748977	-0.244123797842806
1G5	1G6	0.000000000000000	0.084149760500511	-0.052158942458994	0.018003579744229
1G5	1G7	0.000000000000000	0.155842821705424	-0.096596790313279	0.033342087386240
1G5	1G8	0.000000000000000	0.095741694434119	-0.059344025475694	0.020483637984707
1G6	1G6	15.000000000000000	-0.071111111111111	-0.193755739210285	-0.261354806809352
1G6	1G7	0.000000000000000	-0.075372973939117	0.046718785499452	-0.016125813535314
1G6	1G8	0.000000000000000	0.200340954473564	-0.124178277566259	0.042862324603738
1G7	1G7	15.000000000000000	-0.309465020576132	0.031119273543516	-0.380812890525400
1G7	1G8	0.000000000000000	-0.026033033109516	0.016136177547220	-0.005569686530106
1G8	1G8	15.000000000000000	0.104481855592967	-0.225459368710057	-0.292250242804739
1H1	1H1	15.000000000000000	0.208888888888889	-0.090909090909091	-0.258502181579105
1H1	1H2	0.000000000000000	-0.157009082068051	0.097319678967800	-0.033591605166400
1H1	1H3	0.000000000000000	0.166295883856620	0.041230384427261	-0.092504067625265
1H1	1H4	0.000000000000000	-0.153960071783900	-0.038171918624108	0.085642125118190
1H2	1H2	15.000000000000000	-0.093333333333333	-0.154269972451791	-0.100656918838737
1H2	1H4	0.000000000000000	0.226623089493013	0.056187542849507	-0.126061794854664
1H3	1H3	15.000000000000000	-0.315555555555556	-0.074380165289256	-0.285126683728082
1H3	1H4	0.000000000000000	-0.230426335943391	0.142826241287226	-0.049298998471922
1H4	1H4	15.000000000000000	-0.191111111111111	-0.074380165289256	-0.326965187105047
1I1	1I1	15.000000000000000	-0.075555555555556	-0.038016528925620	0.103971397677691
1I1	1I2	0.000000000000000	0.008314794192831	0.002061519221363	-0.004625203381263
1I1	1I3	0.000000000000000	-0.064788354387170	-0.016063228360455	0.036039294398458
1I1	1I4	0.000000000000000	0.041950213664380	0.010400879420920	-0.023335306393091
1I1	1I5	0.000000000000000	0.128812237743906	0.031936918448902	-0.071653342673819
1I1	1I6	0.000000000000000	0.344450225411078	0.085400882333325	-0.191604543696563
1I1	1I7	0.000000000000000	0.192934837231123	0.047835083611022	-0.107322302973447
1I2	1I2	15.000000000000000	-0.278148148148148	-0.136455463728191	-0.054333454683105
1I2	1I3	0.000000000000000	-0.060603956192421	0.090154645575502	-0.059643729198125
1I2	1I4	0.000000000000000	-0.113985273058075	-0.028260811502002	0.063405666831415
1I2	1I5	0.000000000000000	0.137706074531819	0.034142001950038	-0.076600645400726
1I2	1I6	0.000000000000000	-0.092058195020379	-0.022824345872821	0.051208468304407
1I2	1I7	0.000000000000000	-0.051564004206561	-0.012784463852866	0.028683091977585
1I3	1I3	15.000000000000000	-0.287777777777778	-0.019283746556474	-0.155094516982629
1I3	1I4	0.000000000000000	-0.043680299617050	-0.010829826351335	0.024297687326712
1I3	1I6	0.000000000000000	0.143462335324330	0.035569174047354	-0.079802634080603
1I3	1I7	0.000000000000000	0.275733763415315	0.068363742995533	-0.153380192618182
1I4	1I4	15.000000000000000	-0.294276094276094	-0.190416562317389	-0.189290001750269
1I4	1I5	0.000000000000000	-0.086845192970524	0.053829665064374	-0.018580259144508
1I4	1I6	0.000000000000000	0.112796600233111	-0.069915248078375	0.024132482078334
1I4	1I7	0.000000000000000	-0.052030656290236	0.032250406791469	-0.011131797215990
1I5	1I5	15.000000000000000	-0.266666666666667	-0.143250688705234	-0.240435555120870
1I5	1I6	0.000000000000000	-0.035653985619584	0.022099577863379	-0.007628059420298
1I5	1I7	0.000000000000000	0.186392760918729	-0.115532703048799	0.039878151939921
1I6	1I6	15.000000000000000	-0.151397849462366	-0.137563316448947	-0.284237155430478
1I6	1I7	0.000000000000000	0.071203337329189	-0.044134299997431	0.015233732740731
1I7	1I7	15.000000000000000	0.016044314108830	-0.241349781472415	-0.248413424899695
1K1	1K1	15.000000000000000	-0.234074074074074	-0.067033976124885	-0.130767962935795
1K1	1K2	0.000000000000000	0.211597879364233	0.052462284139892	-0.117703842621553
1K1	1K3	0.000000000000000	-0.061083046305447	-0.015144556935235	0.033978172611104
1K2	1K2	15.000000000000000	-0.142222222222222	-0.265381083562902	-0.173874299748426
1K2	1K3	0.000000000000000	-0.071848033499153	0.044533905061459	-0.015371663482752
1K3	1K3	15.000000000000000	-0.210370370370371	-0.146005509641873	-0.256917389784523
1L1	1L1	15.000000000000000	-0.340740740740741	-0.155188246097337	-0.016662953725891
1L1	1L2	0.000000000000000	-0.115517562605143	0.071601795003188	-0.024714623521810
1L1	1L3	0.000000000000000	0.113358396741374	0.028105387621828	-0.063056959407948
1L1	1L4	0.000000000000000	-0.184116390040759	-0.045648691745643	0.102416936608814
1L2	1L2	15.000000000000000	-0.041481481481482	-0.051423324150597	-0.209373635947063
1L2	1L3	0.000000000000000	0.080354980385123	0.019922722409535	-0.044698415662417
1L2	1L4	0.000000000000000	0.188899430445885	0.046834569532038	-0.105077559847520
1L3	1L3	15.000000000000000	-0.270394265232975	-0.160223940282591	-0.224117311868271
1L3	1L4	0.000000000000000	0.179302055958585	-0.111137637990858	0.038361117649704
1L4	1L4	15.000000000000000	-0.200716845878136	-0.203412423353772	-0.209210044536009
1M1	1M1	15.000000000000000	-0.444444444444445	-0.187327823691460	-0.141544547138953
1M1	1M2	0.000000000000000	-0.057089922571845	0.035386315643706	-0.012214211514100
1M2	1M2	15.000000000000000	-0.462222222222222	-0.099173553719008	-0.213811052971892
1N1	1N1	15.000000000000000	-0.407407407407408	-0.191000918273646	0.037536925648814
1N1	1N2	0.000000000000000	-0.224677790934861	-0.055705237421866	0.124979699343931
1N2	1N2	15.000000000000000	-0.321481481481482	-0.250688705234160	-0.126647504269882
1Q	1Q	15.000000000000000	-0.560000000000000	-0.250688705234160	-0.046457039464032
#
f7
8S	8S	21.000000000000000	-0.933333333333333	-0.636363636363636	-0.815850815850816
6P	6P	21.000000000000000	-0.866666666666667	-0.484848484848485	-0.407925407925408
6D	6D	21.000000000000000	-0.751111111111111	-0.363636363636364	-0.679875679875680
6F	6F	21.000000000000000	-0.622222222222222	-0.424242424242424	-0.543900543900544
6G	6G	21.000000000000000	-0.533333333333333	-0.543617998163453	-0.593346047891502
6H	6H	21.000000000000000	-0.555555555555556	-0.407713498622589	-0.580984671893763
6I	6I	21.000000000000000	-0.777777777777778	-0.462809917355372	-0.582886422047261
4S1	4S1	21.000000000000000	-0.311111111111111	-0.212121212121212	-0.271950271950272
4S1	4S2	0.000000000000000	-0.294811092476036	-0.073093659291579	0.163992184308030
4S2	4S2	21.000000000000000	-0.488888888888889	-0.179063360881543	-0.618068799886982
4P1	4P1	21.000000000000000	-0.422222222222222	-0.299663299663300	-0.407925407925408
4P1	4P2	0.000000000000000	0.294811092476036	-0.111670868362135	-0.000000000000000
4P2	4P2	21.000000000000000	0.182222222222222	-0.194367921640649	-0.704598431871159
4D1	4D1	21.000000000000000	-0.392592592592593	-0.232323232323232	-0.226625226625227
4D1	4D4	0.000000000000000	0.068864420755657	0.017073823327849	-0.038306654902225
4D1	4D5	0.000000000000000	0.157583157409408	0.039070204316382	-0.087657509684191
4D1	4D6	0.000000000000000	-0.460273670604622	-0.114117438992881	0.256032715689157
4D4	4D4	21.000000000000000	-0.452169312169312	-0.323953823953824	-0.501813001813002
4D4	4D5	0.000000000000000	0.086568349372774	-0.053658067793042	0.018521029317125
4D4	4D6	0.000000000000000	0.038900225105101	-0.024111709775889	0.008322582269784
4D5	4D5	21.000000000000000	-0.206349206349206	-0.431326249508068	-0.489157307339126
4D5	4D6	0.000000000000000	-0.222539456105675	0.137937679404344	-0.047611625040947
4D6	4D6	21.000000000000000	-0.300000000000000	-0.315426997245179	-0.560540857743655
4D2	4D2	21.000000000000000	-0.170793650793651	-0.307359307359307	-0.485625485625486
4D2	4D3	0.000000000000000	-0.082529913951857	-0.098046901905616	0.114770620959751
4D3	4D3	21.000000000000000	-0.602539682539683	-0.235340417158599	-0.404393586211768
4F1	4F1	21.000000000000000	-0.311111111111111	-0.212121212121212	-0.271950271950272
4F1	4F5	0.000000000000000	0.255313895401690	0.063300965802072	-0.142021397632854
4F5	4F5	21.000000000000000	-0.311111111111111	-0.385674931129477	-0.494455039909585
4F2	4F2	21.000000000000000	-0.449382716049383	-0.306397306397306	-0.392817059483726
4F2	4F3	0.000000000000000	0.063433247302050	0.015727251397202	-0.035285499929621
4F2	4F4	0.000000000000000	0.118106278944211	-0.073206371246412	0.025268471337519
4F3	4F3	21.000000000000000	-0.192592592592593	-0.214876033057851	-0.560382378564197
4F3	4F4	0.000000000000000	-0.027583684037074	0.136778598530948	-0.112127426063955
4F4	4F4	21.000000000000000	-0.709135802469136	-0.338230792776247	-0.277232911265545
4G1	4G1	21.000000000000000	-0.340740740740741	-0.219467401285583	-0.255468437286619
4G1	4G5	0.000000000000000	0.025041607547512	0.006208663028309	-0.013929692691718
4G1	4G6	0.000000000000000	0.149727036239780	0.037122405679284	-0.083287448639420
4G1	4G7	0.000000000000000	-0.238881711060698	-0.059226870510917	0.132880799223211
4G5	4G5	21.000000000000000	-0.475132275132275	-0.354715991079627	-0.466789103152739
4G5	4G6	0.000000000000000	-0.050616976690376	0.031374159105605	-0.010829344858937
4G5	4G7	0.000000000000000	-0.191797299755788	0.118882623815571	-0.041034436228254
4G6	4G6	21.000000000000000	-0.593015873015873	-0.236652236652237	-0.531946685792840
4G6	4G7	0.000000000000000	-0.022285623840996	0.013813403207229	-0.004767939963047
4G7	4G7	21.000000000000000	-0.440000000000000	-0.273645546372819	-0.550556669437788
4G2	4G2	21.000000000000000	-0.450793650793651	-0.243080152171061	-0.448541357632267
4G2	4G3	0.000000000000000	-0.215642578532916	-0.008100773047818	0.079689557349098
4G2	4G4	0.000000000000000	0.022951012421970	-0.080613060159812	0.063833871167272
4G3	4G3	21.000000000000000	-0.135873015873016	-0.295334295334295	-0.508038969577431
4G3	4G4	0.000000000000000	-0.212591302099580	0.029282548498565	0.045483248407534
4G4	4G4	21.000000000000000	-0.195555555555556	-0.288031833486379	-0.494455039909585
4H1	4H1	21.000000000000000	-0.456790123456790	-0.308233853688399	-0.388696600817813
4H1	4H2	0.000000000000000	-0.066620926238183	0.041293962544328	-0.014253340128713
4H1	4H3	0.000000000000000	0.123357985153549	0.057346170784191	-0.092372201460400
4H2	4H2	21.000000000000000	-0.603950617283951	-0.429139883685338	-0.231907865940500
4H2	4H3	0.000000000000000	-0.198422678173475	0.011902186773936	0.056146081593022
4H3	4H3	21.000000000000000	-0.543703703703704	-0.254361799816345	-0.407291491207575
4H4	4H4	21.000000000000000	-0.564444444444445	-0.286501377410468	-0.497307665139833
4H4	4H5	0.000000000000000	0.157009082068051	-0.097319678967800	0.033591605166400
4H5	4H5	21.000000000000000	-0.484444444444445	-0.278236914600551	-0.531539167902804
4I1	4I1	21.000000000000000	-0.259259259259259	-0.199265381083563	-0.300793482611664
4I1	4I4	0.000000000000000	-0.043822813208145	-0.010865160299540	0.024376962210507
4I1	4I5	0.000000000000000	-0.204878765717620	-0.050796388194451	0.113966255564474
4I4	4I4	21.000000000000000	-0.574074074074074	-0.364095500459137	-0.425199638486352
4I4	4I5	0.000000000000000	0.121207912384841	-0.075128871312918	0.025932056173098
4I5	4I5	21.000000000000000	-0.317777777777778	-0.420110192837466	-0.461649849761738
4I2	4I2	21.000000000000000	-0.555555555555556	-0.349862258953168	-0.318543150710983
4I2	4I3	0.000000000000000	-0.153960071783900	0.050895891498810	0.006587855778322
4I3	4I3	21.000000000000000	-0.244444444444445	-0.234159779614325	-0.525833917442309
4K1	4K1	21.000000000000000	-0.648888888888889	-0.262014080195898	-0.365136029471694
4K1	4K2	0.000000000000000	-0.146599311133072	-0.050481856450782	0.094093401076902
4K2	4K2	21.000000000000000	-0.524444444444444	-0.405570860116315	-0.279557272564265
4K3	4K3	21.000000000000000	-0.506666666666667	-0.405876951331497	-0.410778033155655
4L1	4L1	21.000000000000000	-0.400000000000000	-0.330578512396694	-0.387957031313675
4L2	4L2	21.000000000000000	-0.637037037037037	-0.376492194674013	-0.393028365056337
4L2	4L3	0.000000000000000	0.115517562605143	-0.071601795003188	0.024714623521810
4L3	4L3	21.000000000000000	-0.536296296296296	-0.381083562901745	-0.422822450794479
4M	4M	21.000000000000000	-0.600000000000000	-0.322314049586777	-0.328051901478475
4N	4N	21.000000000000000	-0.733333333333334	-0.381083562901745	-0.356578153780951
2S1	2S1	21.000000000000000	-0.414814814814815	-0.282828282828283	-0.362600362600363
2S1	2S2	0.000000000000000	0.177159418416317	-0.109809556869618	0.037902707006278
2S2	2S2	21.000000000000000	0.041481481481482	-0.334251606978880	-0.470366204631939
2P1	2P1	21.000000000000000	0.037037037037037	-0.080808080808081	-0.317275317275317
2P1	2P5	0.000000000000000	0.155379088617800	0.038523740979620	-0.086431470146583
2P5	2P5	21.000000000000000	-0.321481481481481	-0.192837465564738	-0.473852746580019
2P2	2P2	21.000000000000000	-0.400000000000000	-0.249158249158249	-0.271950271950272
2P2	2P3	0.000000000000000	-0.069920589878010	0.099519664197351	-0.064823602609937
2P2	2P4	0.000000000000000	0.252102272015854	-0.034724830856178	-0.053936497631638
2P3	2P3	21.000000000000000	-0.060000000000000	-0.176002448729721	-0.451190223917497
2P3	2P4	0.000000000000000	-0.024037008503093	-0.182098549265858	0.169707227866110
2P4	2P4	21.000000000000000	-0.335555555555556	-0.103764921946740	-0.422663971615021
2D1	2D1	21.000000000000000	-0.070052910052910	-0.054834054834055	-0.304325304325304
2D1	2D2	0.000000000000000	-0.335555405385079	0.081386956031235	0.040577542180815
2D1	2D6	0.000000000000000	0.148570825606639	0.036835741885944	-0.082644292692822
2D1	2D7	0.000000000000000	0.284087077094566	0.070434812502785	-0.158026822922915
2D2	2D2	21.000000000000000	0.126349206349206	-0.127902400629673	-0.305502578229851
2D2	2D6	0.000000000000000	0.058191437396265	0.014427629106512	-0.032369680687687
2D2	2D7	0.000000000000000	-0.148359637403783	-0.036783381174492	0.082526816737642
2D6	2D6	21.000000000000000	-0.371851851851852	-0.238751147842057	-0.416166325257234
2D6	2D7	0.000000000000000	0.181298471594410	-0.112375085699015	0.038788244570666
2D7	2D7	21.000000000000000	-0.164444444444444	-0.225895316804408	-0.497307665139833
2D3	2D3	21.000000000000000	0.012063492063492	-0.164502164502164	-0.485625485625486
2D3	2D4	0.000000000000000	0.175954367753029	-0.039080773829443	-0.024469178605197
2D3	2D5	0.000000000000000	-0.205573143820679	0.127421370136784	-0.043981735254314
2D4	2D4	21.000000000000000	-0.140548340548341	-0.167829415763300	-0.431363861115927
2D4	2D5	0.000000000000000	-0.121385157875823	-0.006687887486271	0.046745959131112
2D5	2D5	21.000000000000000	0.044040404040404	-0.232406711745555	-0.436105887472702
2F1	2F1	21.000000000000000	-0.000000000000000	0.000000000000000	0.000000000000000
2F1	2F4	0.000000000000000	0.146059348668044	0.036213061653234	-0.081247253709179
2F1	2F6	0.000000000000000	-0.461880215351701	-0.114515755872322	0.256926375354570
2F4	2F4	21.000000000000000	-0.402693602693603	-0.191585274229902	-0.322144950244124
2F4	2F5	0.000000000000000	-0.036755382477694	-0.162209704488337	0.156330353122278
2F4	2F6	0.000000000000000	-0.094548907819176	0.091866819078270	-0.049751040393846
2F4	2F7	0.000000000000000	0.099313016248670	-0.028411225245964	-0.008172196610854
2F6	2F6	21.000000000000000	-0.263973063973064	-0.301527673428500	-0.271201097647379
2F6	2F7	0.000000000000000	0.412298282859792	0.023958448771553	-0.159880509553756
2F2	2F2	21.000000000000000	-0.133333333333333	-0.206611570247934	-0.148336511972876
2F2	2F8	0.000000000000000	-0.060178062256563	-0.014920180724768	0.033474764446594
2F2	2F9	0.000000000000000	0.103438815139029	0.025645987224553	-0.057539073901240
2F2	2F0	0.000000000000000	0.310316445417088	0.076937961673658	-0.172617221703720
2F8	2F8	21.000000000000000	-0.414814814814815	-0.282828282828283	-0.362600362600363
2F8	2F9	0.000000000000000	0.056022727114634	-0.034724830856178	0.011985888362586
2F8	2F0	0.000000000000000	-0.168068181343903	0.104174492568535	-0.035957665087758
2F9	2F9	21.000000000000000	-0.225185185185185	-0.284664830119376	-0.424724200947977
2F9	2F0	0.000000000000000	-0.044444444444444	0.027548209366391	-0.009508750767492
2F0	2F0	21.000000000000000	-0.337777777777778	-0.137741046831956	-0.517276041751566
2F3	2F3	21.000000000000000	-0.345679012345679	-0.235690235690236	-0.302166968833635
2F3	2F4	0.000000000000000	-0.116306518383813	-0.028836326872020	0.064696887212865
2F3	2F5	0.000000000000000	0.029526569736053	-0.018301592811603	0.006317117834380
2F3	2F6	0.000000000000000	-0.102640047855933	-0.025447945749405	0.057094750078793
2F3	2F7	0.000000000000000	-0.153424556868207	0.095097865827401	-0.032824707139636
2F5	2F5	21.000000000000000	-0.310617283950617	-0.218855218855219	-0.328897123768919
2F5	2F6	0.000000000000000	0.044632598361660	0.069162084238110	-0.076392045706788
2F5	2F7	0.000000000000000	-0.279694130407419	0.039762415233445	0.058741714023374
2F7	2F7	21.000000000000000	0.034074074074074	-0.123966942148760	-0.529003501031473
2G1	2G1	21.000000000000000	-0.080423280423280	-0.157680703135249	-0.209554755009300
2G1	2G2	0.000000000000000	-0.027724059926032	-0.103106007989376	0.100835099858118
2G1	2G7	0.000000000000000	0.054025754766051	0.013394815231252	-0.030052470070117
2G1	2G8	0.000000000000000	-0.162288165186716	-0.040236735170260	0.090274726343532
2G1	2G9	0.000000000000000	-0.147440993045369	-0.036555618110422	0.082015809863126
2G1	2G0	0.000000000000000	0.171455093683260	0.042509527359486	-0.095373939588590
2G2	2G2	21.000000000000000	-0.361058201058201	-0.076479076479076	-0.187277110354033
2G2	2G7	0.000000000000000	0.055290372392013	0.013708356791408	-0.030755928698672
2G2	2G8	0.000000000000000	-0.088579709208158	-0.021961911373924	0.049273519108162
2G2	2G9	0.000000000000000	-0.405474544884786	-0.100530878897054	0.225550048807494
2G2	2G0	0.000000000000000	0.244756005462642	0.060683307139498	-0.136148445505284
2G7	2G7	21.000000000000000	-0.350168350168350	-0.297186743467735	-0.371590454235082
2G7	2G8	0.000000000000000	-0.084149760500511	0.052158942458994	-0.018003579744229
2G7	2G9	0.000000000000000	-0.155842821705424	0.096596790313279	-0.033342087386240
2G7	2G0	0.000000000000000	-0.095741694434119	0.059344025475694	-0.020483637984707
2G8	2G8	21.000000000000000	-0.388148148148148	-0.209366391184573	-0.436768618586800
2G8	2G9	0.000000000000000	0.075372973939117	-0.046718785499452	0.016125813535314
2G8	2G0	0.000000000000000	-0.200340954473564	0.124178277566259	-0.042862324603738
2G9	2G9	21.000000000000000	0.027983539094650	-0.390164268952148	-0.416201542852669
2G9	2G0	0.000000000000000	0.026033033109516	-0.016136177547220	0.005569686530106
2G0	2G0	21.000000000000000	-0.385963337074448	-0.133585626698574	-0.504764190573331
2G3	2G3	21.000000000000000	-0.241269841269841	-0.193886921159648	-0.374373101645829
2G3	2G4	0.000000000000000	0.020897796463631	0.053539809121700	-0.054546427025591
2G3	2G5	0.000000000000000	-0.177870346270267	-0.022524237397594	0.079792338959090
2G3	2G6	0.000000000000000	0.117288591758166	-0.072699540345971	0.025093529705217
2G4	2G4	21.000000000000000	-0.283174603174603	-0.280248371157462	-0.283632451464619
2G4	2G5	0.000000000000000	0.283278861866266	-0.017168415870683	-0.080000754426998
2G4	2G6	0.000000000000000	0.131848879343463	-0.093750040781034	0.038882204249081
2G5	2G5	21.000000000000000	-0.204444444444445	-0.211815120906030	-0.370841279932189
2G5	2G6	0.000000000000000	0.000000000000000	-0.122636811936063	0.108849241363369
2G6	2G6	21.000000000000000	-0.524444444444444	-0.227731864095500	-0.249129270108291
2H1	2H1	21.000000000000000	-0.274074074074074	-0.157943067033976	-0.144216053306962
2H1	2H2	0.000000000000000	0.126404320045639	-0.078349785152255	0.027043811443086
2H1	2H8	0.000000000000000	0.292569150490837	0.072537805906819	-0.162745077355043
2H2	2H2	21.000000000000000	0.069629629629630	-0.081726354453627	-0.327417984760642
2H2	2H8	0.000000000000000	-0.096010973309746	-0.023804373547871	0.053407248344582
2H2	2H9	0.000000000000000	-0.266666666666667	-0.066115702479339	0.148336511972876
2H8	2H8	21.000000000000000	-0.217777777777778	-0.347107438016529	-0.371792155008938
2H8	2H9	0.000000000000000	0.230426335943391	-0.142826241287226	0.049298998471922
2H9	2H9	21.000000000000000	-0.164444444444445	-0.303030303030303	-0.428844659613890
2H3	2H3	21.000000000000000	-0.330864197530864	-0.232017141108050	-0.310407886165462
2H3	2H4	0.000000000000000	0.062882147029739	-0.038976537415128	0.013453439936188
2H3	2H5	0.000000000000000	0.141408422737238	0.018134451476705	-0.063637498196523
2H3	2H6	0.000000000000000	0.127946748182087	-0.017623519033345	-0.027373809149427
2H3	2H7	0.000000000000000	-0.055353166702304	0.093017718149877	-0.063950245163183
2H4	2H4	21.000000000000000	-0.176745230078563	-0.155744775579486	-0.429920397074455
2H4	2H5	0.000000000000000	0.272928110501830	0.002537554746401	-0.094011314897905
2H4	2H6	0.000000000000000	0.143228761477847	-0.071515738341212	0.015321674200831
2H4	2H7	0.000000000000000	0.070816653899658	-0.004419944393703	-0.019885691467282
2H5	2H5	21.000000000000000	-0.319259259259259	-0.210284664830119	-0.333598672759512
2H5	2H6	0.000000000000000	-0.097182531580755	0.050866889808109	-0.012475140368697
2H5	2H7	0.000000000000000	-0.227036240599281	0.015056989734673	0.062965904955535
2H6	2H6	21.000000000000000	-0.037407407407407	-0.119834710743802	-0.508638926471094
2H6	2H7	0.000000000000000	-0.019067616833840	0.070912624588663	-0.056529623480443
2H7	2H7	21.000000000000000	-0.277946127946128	-0.271099423991986	-0.293510643955653
2I1	2I1	21.000000000000000	-0.348148148148148	-0.163452708907254	-0.114421967568821
2I1	2I6	0.000000000000000	-0.094545070840588	-0.023440926654691	0.052591822622705
2I1	2I7	0.000000000000000	-0.108866210790363	-0.026991622510008	0.060558127426299
2I1	2I8	0.000000000000000	0.291113573548370	0.072176919061579	-0.161935395330466
2I1	2I9	0.000000000000000	0.163059698571237	0.040428024439150	-0.090703900985272
2I6	2I6	21.000000000000000	-0.476094276094276	-0.289840554303364	-0.335774159677529
2I6	2I7	0.000000000000000	0.086845192970524	-0.053829665064374	0.018580259144508
2I6	2I8	0.000000000000000	-0.112796600233111	0.069915248078375	-0.024132482078334
2I6	2I9	0.000000000000000	0.052030656290236	-0.032250406791469	0.011131797215990
2I7	2I7	21.000000000000000	-0.355555555555556	-0.300275482093664	-0.367037779625192
2I7	2I8	0.000000000000000	0.035653985619584	-0.022099577863379	0.007628059420298
2I7	2I9	0.000000000000000	-0.186392760918729	0.115532703048799	-0.039878151939921
2I8	2I8	21.000000000000000	-0.293046594982079	-0.261885719363725	-0.422127187297501
2I8	2I9	0.000000000000000	-0.071203337329189	0.044134299997431	-0.015233732740731
2I9	2I9	21.000000000000000	-0.460488758553275	-0.158099254340257	-0.457950917828284
2I2	2I2	21.000000000000000	-0.555555555555556	-0.292011019283747	-0.181617139659098
2I2	2I3	0.000000000000000	-0.076980035891950	-0.041352911842783	0.062584629894062
2I2	2I4	0.000000000000000	0.133333333333333	-0.082644628099174	0.028526252302476
2I3	2I3	21.000000000000000	-0.277777777777778	-0.213498622589532	-0.344692215321586
2I3	2I4	0.000000000000000	-0.265581123827228	-0.002385744914007	0.091406498924222
2I3	2I5	0.000000000000000	0.134660065844828	-0.083466982961670	0.028810102600182
2I4	2I4	21.000000000000000	-0.141777777777778	-0.135812672176309	-0.459367749577540
2I4	2I5	0.000000000000000	-0.295434896005495	0.003212645672091	0.096474418851256
2I5	2I5	21.000000000000000	-0.180444444444445	-0.262258953168044	-0.334137501969670
2K1	2K1	21.000000000000000	-0.296296296296296	-0.105601469237833	-0.183201931453680
2K1	2K6	0.000000000000000	-0.122166092610894	-0.030289113870470	0.067956345222207
2K1	2K7	0.000000000000000	-0.105798939682116	-0.026231142069946	0.058851921310777
2K6	2K6	21.000000000000000	-0.583703703703704	-0.203856749311295	-0.375912613674851
2K6	2K7	0.000000000000000	0.071848033499153	-0.044533905061459	0.015371663482752
2K7	2K7	21.000000000000000	-0.337777777777778	-0.279155188246097	-0.391760531620671
2K2	2K2	21.000000000000000	-0.281212121212121	-0.301165929265103	-0.265726362357004
2K2	2K3	0.000000000000000	0.234413086131075	0.073186822116222	-0.143768927016508
2K2	2K4	0.000000000000000	0.012847788779713	0.035393357519871	-0.035733678265255
2K2	2K5	0.000000000000000	-0.142286985693563	0.058796275079985	-0.004348836914200
2K3	2K3	21.000000000000000	-0.386666666666667	-0.265993265993266	-0.261490646106031
2K3	2K4	0.000000000000000	-0.193656084240977	0.039005006831633	0.030487784496190
2K3	2K5	0.000000000000000	0.113874179168670	-0.070583168906200	0.024363026742771
2K4	2K4	21.000000000000000	-0.292894158981116	-0.327199410562688	-0.238692194661127
2K4	2K5	0.000000000000000	-0.184672694582659	-0.063592525682734	0.118530447278468
2K5	2K5	21.000000000000000	-0.319227053140097	-0.157064718329540	-0.380846139435376
2L1	2L1	21.000000000000000	-0.355555555555556	-0.223140495867769	-0.058954254758451
2L1	2L4	0.000000000000000	0.196342502620611	0.048679959327424	-0.109217857465375
2L1	2L5	0.000000000000000	-0.318898942056762	-0.079065853402503	0.177391337762026
2L4	2L4	21.000000000000000	-0.396272401433692	-0.294321514262863	-0.358633270882312
2L4	2L5	0.000000000000000	-0.179302055958585	0.111137637990858	-0.038361117649704
2L5	2L5	21.000000000000000	-0.465949820788531	-0.251133031191682	-0.373540538214574
2L2	2L2	21.000000000000000	-0.581818181818182	-0.244177310293013	-0.215243540100501
2L2	2L3	0.000000000000000	-0.023628592351052	0.048819405683992	-0.035386847315320
2L3	2L3	21.000000000000000	-0.324848484848485	-0.138742799899825	-0.395218259172487
2M1	2M1	21.000000000000000	-0.500000000000000	-0.268595041322314	-0.221078455344190
2M1	2M2	0.000000000000000	0.039440531887331	0.089637572471206	-0.092819971493853
2M2	2M2	21.000000000000000	-0.726666666666667	-0.320936639118457	-0.098415570443542
2M3	2M3	21.000000000000000	-0.533333333333333	-0.344352617079890	-0.268146771643275
2M3	2M4	0.000000000000000	0.057089922571845	-0.035386315643706	0.012214211514100
2M4	2M4	21.000000000000000	-0.337777777777778	-0.388429752066116	-0.294771273792253
2N1	2N1	21.000000000000000	-0.271111111111111	-0.249770431588613	-0.314739650403986
2N2	2N2	21.000000000000000	-0.626666666666667	-0.273645546372819	-0.299525649175999
2O	2O	21.000000000000000	-0.711111111111111	-0.330578512396694	-0.095087507674920
2Q	2Q	21.000000000000000	-0.728888888888889	-0.358126721763085	-0.190175015349840
#
