Energy levels for Ho3+ (f10)
Ground multiplet crystal field splitting
============================================================

Ground state energy: 192690.575052 meV (1554154.367503 cm^-1)
Crystal field splitting: 44.543082 meV (359.264201 cm^-1)

Level    Energy (meV)    Energy (cm^-1)    Degeneracy
-----------------------------------------------------------------
    1        0.000000        0.000000        1
    2        0.378000        3.048776        1
    3        3.553000       28.656879        1
    4        3.555000       28.673010        1
    5        5.017000       40.464836        1
    6        6.365000       51.337189        1
    7        9.907000       79.905347        1
    8       11.539000       93.068316        1
    9       12.584000      101.496809        1
   10       12.908000      104.110046        1
   11       13.827000      111.522281        1
   12       23.247000      187.499708        1
   13       23.665000      190.871106        1
   14       34.906000      281.535889        1
   15       35.129000      283.334505        1
   16       44.490000      358.836065        1
   17       44.543000      359.263539        1
