L=2
2 2 1
2 1 4
2 0 4*3
1 1 4
1 0 4*3
0 0 4*3

L=4
4 4 1
4 3 8
4 2 8*7
4 1 8*7*6
4 0 8*7*6*5
3 3 8
3 2 8*7
3 1 8*7*6
3 0 8*7*6*5
2 2 8*7
2 1 8*7*6
2 0 8*7*6*5
1 1 8*7*6
1 0 8*7*6*5
0 0 8*7*6*5

L=6
6 6 1
6 5 12
6 4 12*11
6 3 12*11*10
6 2 12*11*10*9
6 1 12*11*10*9*8
6 0 12*11*10*9*8*7
5 5 12
5 4 12*11
5 3 12*11*10
5 2 12*11*10*9
5 1 12*11*10*9*8
5 0 12*11*10*9*8*7
4 4 12*11
4 3 12*11*10
4 2 12*11*10*9
4 1 12*11*10*9*8
4 0 12*11*10*9*8*7
3 3 12*11*10
3 2 12*11*10*9
3 1 12*11*10*9*8
3 0 12*11*10*9*8*7
2 2 12*11*10*9
2 1 12*11*10*9*8
2 0 12*11*10*9*8*7
1 1 12*11*10*9*8
1 0 12*11*10*9*8*7
0 0 12*11*10*9*8*7
